Start thread(4):  A0 0B 00 00
send(25):  FF B0 01 02 03 00 00 00 00 00 00 00 00 00 00 00 00 00 00 00 00 00 00 00 31
recv(25):  FF B0 22 CF 56 D6 10 71 45 98 00 21 82 56 A9 11 00 00 00 00 00 00 00 00 6E
send(25):  FF B0 04 05 06 11 00 00 00 00 00 00 00 00 00 00 00 00 00 00 00 00 00 00 5C
Start thread(4):  20 08 00 00
send(25):  FF B0 01 02 03 00 00 00 00 00 00 00 00 00 00 00 00 00 00 00 00 00 00 00 31
send(25):  FF B0 04 05 06 15 00 00 00 00 00 00 00 00 00 00 00 00 00 00 00 00 00 00 13
recv(25):  FF B0 22 CF 56 D6 10 71 45 98 00 21 82 56 A9 11 00 00 00 00 00 00 00 00 6E
Start thread(4):  B0 08 00 00
send(25):  FF B0 01 02 03 00 00 00 00 00 00 00 00 00 00 00 00 00 00 00 00 00 00 00 31
send(25):  FF B0 04 05 06 15 00 00 00 00 00 00 00 00 00 00 00 00 00 00 00 00 00 00 13
recv(25):  FF B0 22 CF 56 D6 10 71 45 98 00 21 82 56 A9 11 00 00 00 00 00 00 00 00 6E
Start thread(4):  28 0A 00 00
send(25):  FF B0 01 02 03 00 00 00 00 00 00 00 00 00 00 00 00 00 00 00 00 00 00 00 31
send(25):  FF B0 04 05 06 15 00 00 00 00 00 00 00 00 00 00 00 00 00 00 00 00 00 00 13
recv(25):  FF B0 22 CF 56 D6 10 71 45 98 00 21 82 56 A9 11 00 00 00 00 00 00 00 00 6E
